50772
50773
50774
50775
50776
50777
50778
50779
50780
50781
50782
50783
50785
50786
50787
50788
50789
50790
50791
50792
50795
50798
50799
50800
50802
50803
50804
50812
50814
50816
50817
50818
50819
50820
50821
50822
50823
50824
50825
50722
50723
50725
50727
50730
50732
50733
50735
50736
50737
50738
50740
50741
50743
50745
50746
50747
50748
50751
50752
50753
50754
50755
50756
50757
51349
51351
51355
51356
51357
51360
50954
50955
50956
50957
50958
50964
50965
50967
50968
50969
50970
50972
50974
50976
50977
50978
50979
50981
50982
50983
50984
50985
50986
50987
50988
50989
50990
50991
50992
50993
50998
50999
51000
51001
51002
51003
51006
51007
51008
51009
51010
51011
51012
51013
51014
51032
51033
51034
51035
51036
51038
51039
51040
51041
51042
51044
51045
51046
51047
51048
51049
51050
51051
51052
51053
51054
51064
51065
51069
51070
51071
51072
51073
51074
51075
51078
51079
51080
51081
51082
51083
51084
51085
51086
51087
51088
51089
51090
51091
51093
51094
51095
51096
51097
51098
51099
51100
51101
51102
51103
51121
51122
51123
51124
50142
50143
50144
50145
50146
50147
50148
50149
50150
50152
50153
50157
50158
50159
50160
50161
50166
50167
50168
50169
50170
50171
50102
50111
50113
50116
50118
50122
50127
50129
50133
50005
50006
50014
50015
50023
50027
50029
50031
50033
50034
50036
50038
50048
50050
50051
50056
50057
50183
50186
50190
50191
50193
50194
50195
50196
50197
50200
50201
50204
50205
50206
50208
50212
50213
50214
50217
51160
51162
51163
51164
51165
51167
51168
51169
51170
51171
51172
51173
51174
51175
51177
51178
51179
51180
51181
51182
51183
51184
51185
51186
51187
51188
51189
51190
51191
51192
51193
51194
51196
51197
51198
51199
50243
50247
50248
50249
50250
50255
50257
50268
50269
51133
51135
51137
51138
51142
51211
51214
51216
51220
51221
51222
51223
51224
51225
51226
51229
51234
51235
51236
51239
51240
51241
51248
51249
51250
51251
51252
51253
51254
51255
51257
51260
51262
51264
51266
51267
51269
51271
51272
51273
51276
51277
51279
51280
51281
51282
51293
51294
51295
51298
51301
51302
51303
51305
51306
51307
51308
51309
51311
51312
51313
51314
51315
51316
51317
50272
50274
50275
50278
50283
50284
50285
50287
50289
50290
50291
50292
50293
50294
50295
50298
50300
50302
50307
50310
50315
50318
50319
50324
50325
50326
50332
50334
50336
50337
50338
50342
50343
50350
50353
50355
50357
50358
50360
50362
50363
50364
50366
50367
50369
50370
50372
50374
50375
50377
50379
50387
50390
50397
50402
50408
50411
50412
50413
50414
50416
50417
50418
50426
50436
50437
50447
50448
50524
50528
50552
50553
50554
50555
50556
50557
50558
50559
50560
50561
50562
50563
50564
50566
50568
50571
50573
50574
50575
50576
50601
50603
50604
50609
50611
50612
50613
50616
50617
50620
50623
50624
50625
50626
50627
50628
